0 4 8 12 16 118.457 106.733 119.331 107.703 120.333 
4 0 4 8 12 117.712 105.906 118.457 106.733 119.331 
8 4 0 4 8 117.098 105.224 117.712 105.906 118.457 
12 8 4 0 4 116.619 104.69 117.098 105.224 117.712 
16 12 8 4 0 116.276 104.307 116.619 104.69 117.098 
118.457 117.712 117.098 116.619 116.276 0 12 4 12.6491 8 
106.733 105.906 105.224 104.69 104.307 12 0 12.6491 4 14.4222 
119.331 118.457 117.712 117.098 116.619 4 12.6491 0 12 4 
107.703 106.733 105.906 105.224 104.69 12.6491 4 12 0 12.6491 
120.333 119.331 118.457 117.712 117.098 8 14.4222 4 12.6491 0 
