0 12 4 12.6491 4 5.65685 8 8.94427 182.779 148 159.399 146.751 158.24 145.602 157.175 151.789 149.452 155.589 153.31 132.966 148.432 136.821 140.684 144.554 36.2215 48.1664 36 48 36.2215 48.1664 36.8782 48.6621 37.9473 49.4773 40.1995 41.7612 44.1814 45.607 81.5843 89.4427 82.4621 90.2441 83.5225 91.214 84.7585 92.3472 85.5102 88.5438 56.1427 56.5685 52.1536 52.6118 154.506 158.24 156 159.7 157.582 161.245 159.248 162.874 127.562 138.622 124.579 135.882 130.231 127.311 132.966 130.108 135.765 132.966 
12 0 12.6491 4 8 8.94427 4 5.65685 171.814 136.704 148 135.351 146.751 134.104 145.602 140.456 137.928 144.222 141.76 121.458 136.821 125.284 129.12 132.966 24.3311 36.2215 24 36 24.3311 36.2215 25.2982 36.8782 26.8328 37.9473 28.2843 30.4631 32.249 34.176 69.857 77.666 70.8802 78.5875 72.111 79.6994 73.5391 80.9938 73.7564 77.2528 56.5685 56.1427 52.6118 52.1536 143.388 147.078 144.997 148.647 146.697 150.306 148.486 152.053 120 130.231 116.825 127.311 122.442 119.331 124.964 121.918 127.562 124.579 
4 12.6491 0 12 5.65685 4 8.94427 8 181.24 149.345 160.649 148 159.399 146.751 158.24 153.101 150.572 156.869 154.402 134.104 149.452 137.928 141.76 145.602 36.8782 48.6621 36.2215 48.1664 36 48 36.2215 48.1664 36.8782 48.6621 40.7922 40.7922 44.7214 44.7214 80.895 88.8144 81.5843 89.4427 82.4621 90.2441 83.5225 91.214 84.8528 87.3613 60.1332 60.531 56.1427 56.5685 153.101 156.869 154.506 158.24 156 159.7 157.582 161.245 130.599 141.421 127.562 138.622 133.207 130.231 135.882 132.966 138.622 135.765 
12.6491 4 12 0 8.94427 8 5.65685 4 170.176 138.159 149.345 136.704 148 135.351 146.751 141.873 139.14 145.602 142.941 122.703 137.928 126.491 130.292 134.104 25.2982 36.8782 24.3311 36.2215 24 36 24.3311 36.2215 25.2982 36.8782 29.1204 29.1204 32.9848 32.9848 69.0507 76.9415 69.857 77.666 70.8802 78.5875 72.111 79.6994 72.9932 75.8947 60.531 60.1332 56.5685 56.1427 141.873 145.602 143.388 147.078 144.997 148.647 146.697 150.306 123.223 133.207 120 130.231 125.603 122.442 128.062 124.964 130.599 127.562 
4 8 5.65685 8.94427 0 4 4 5.65685 179.109 144.222 155.589 142.941 154.402 141.76 153.31 148 145.602 151.789 149.452 129.12 144.554 132.966 136.821 140.684 32.249 44.1814 32 44 32.249 44.1814 32.9848 44.7214 34.176 45.607 36.2215 37.9473 40.1995 41.7612 77.666 85.5102 78.5875 86.3481 79.6994 87.3613 80.9938 88.5438 81.5843 84.7585 56 56.1427 52 52.1536 150.785 154.506 152.315 156 153.935 157.582 155.641 159.248 124.964 135.765 121.918 132.966 127.562 124.579 130.231 127.311 132.966 130.108 
5.65685 8.94427 4 8 4 0 5.65685 4 177.539 145.602 156.869 144.222 155.589 142.941 154.402 149.345 146.751 153.101 150.572 130.292 145.602 134.104 137.928 141.76 32.9848 44.7214 32.249 44.1814 32 44 32.249 44.1814 32.9848 44.7214 36.8782 36.8782 40.7922 40.7922 76.9415 84.8528 77.666 85.5102 78.5875 86.3481 79.6994 87.3613 80.895 83.5225 60 60.1332 56 56.1427 149.345 153.101 150.785 154.506 152.315 156 153.935 157.582 128.062 138.622 124.964 135.765 130.599 127.562 133.207 130.231 135.882 132.966 
8 4 8.94427 5.65685 4 5.65685 0 4 175.454 140.456 151.789 139.14 150.572 137.928 149.452 144.222 141.76 148 145.602 125.284 140.684 129.12 132.966 136.821 28.2843 40.1995 28 40 28.2843 40.1995 29.1204 40.7922 30.4631 41.7612 32.249 34.176 36.2215 37.9473 73.7564 81.5843 74.7262 82.4621 75.8947 83.5225 77.2528 84.7585 77.666 80.9938 56.1427 56 52.1536 52 147.078 150.785 148.647 152.315 150.306 153.935 152.053 155.641 122.442 132.966 119.331 130.108 124.964 121.918 127.562 124.579 130.231 127.311 
8.94427 5.65685 8 4 5.65685 4 4 0 173.851 141.873 153.101 140.456 151.789 139.14 150.572 145.602 142.941 149.345 146.751 126.491 141.76 130.292 134.104 137.928 29.1204 40.7922 28.2843 40.1995 28 40 28.2843 40.1995 29.1204 40.7922 32.9848 32.9848 36.8782 36.8782 72.9932 80.895 73.7564 81.5843 74.7262 82.4621 75.8947 83.5225 76.9415 79.6994 60.1332 60 56.1427 56 145.602 149.345 147.078 150.785 148.647 152.315 150.306 153.935 125.603 135.882 122.442 132.966 128.062 124.964 130.599 127.562 133.207 130.231 
182.779 171.814 181.24 170.176 179.109 177.539 175.454 173.851 0 123.223 121.062 119.331 117.098 115.447 113.137 122.376 114.543 121.655 113.772 115.169 110.635 113.842 112.641 111.571 152.315 142.042 150.36 139.943 148.486 137.928 146.697 136 144.997 134.164 148.862 141.365 145.437 137.753 104.307 97.6524 102.215 95.4149 100.24 93.2952 98.387 91.3017 100.955 94.8262 208.038 204.9 205.602 202.425 28.8444 25.6125 26.8328 23.3238 25.2982 21.5407 24.3311 20.3961 187.83 181.24 184.261 177.539 186.075 182.472 184.391 180.754 182.779 179.109 
148 136.704 149.345 138.159 144.222 145.602 140.456 141.873 123.223 0 12 4 12.6491 8 14.4222 4 8.94427 8 11.3137 16.9706 12.6491 14.4222 12.6491 12 112.925 101.98 114.543 103.769 116.276 105.679 118.119 107.703 120.067 109.836 109.252 116.619 105.603 113.208 87.7268 82.4621 90.6863 85.6037 93.723 88.8144 96.8297 92.0869 85.0412 94.4034 136.235 132.242 136.059 132.061 104.077 104.307 108.074 108.296 112.071 112.285 116.069 116.276 73.7564 62.482 71.218 59.4643 70.7672 68.1175 67.8823 65.1153 65.1153 62.2254 
159.399 148 160.649 149.345 155.589 156.869 151.789 153.101 121.062 12 0 12.6491 4 14.4222 8 8 11.3137 4 8.94427 26.8328 14.4222 23.3238 20 16.9706 124.064 112.925 125.539 114.543 127.122 116.276 128.81 118.119 130.599 120.067 120.333 127.059 116.619 123.548 96.3328 90.5097 99.0353 93.3809 101.823 96.3328 104.69 99.3579 93.3809 101.98 148.216 144.222 148.054 144.056 104.307 104.077 108.296 108.074 112.285 112.071 116.276 116.069 83.2346 70.7672 80.9938 68.1175 80 77.666 76.8375 74.4043 73.7564 71.218 
146.751 135.351 148 136.704 142.941 144.222 139.14 140.456 119.331 4 12.6491 0 12 4 12.6491 5.65685 5.65685 8.94427 8.94427 14.4222 8.94427 11.3137 8.94427 8 111.427 100.319 112.925 101.98 114.543 103.769 116.276 105.679 118.119 107.703 107.703 114.612 104 111.14 84.8528 79.3977 87.7268 82.4621 90.6863 85.6037 93.723 88.8144 82.0731 91.214 136.528 132.544 136.235 132.242 100.08 100.319 104.077 104.307 108.074 108.296 112.071 112.285 76.4199 65.6049 73.7564 62.482 73.5391 70.7672 70.7672 67.8823 68.1175 65.1153 
158.24 146.751 159.399 148 154.402 155.589 150.572 151.789 117.098 12.6491 4 12 0 12.6491 4 8.94427 8.94427 5.65685 5.65685 25.2982 11.3137 21.5407 17.8885 14.4222 122.703 111.427 124.064 112.925 125.539 114.543 127.122 116.276 128.81 118.119 118.929 125.22 115.169 121.655 93.723 87.7268 96.3328 90.5097 99.0353 93.3809 101.823 96.3328 90.6863 99.0353 148.486 144.499 148.216 144.222 100.319 100.08 104.307 104.077 108.296 108.074 112.285 112.071 85.6037 73.5391 83.2346 70.7672 82.4621 80 79.3977 76.8375 76.4199 73.7564 
145.602 134.104 146.751 135.351 141.76 142.941 137.928 139.14 115.447 8 14.4222 4 12.6491 0 12 8.94427 4 11.3137 8 12.6491 5.65685 8.94427 5.65685 4 110.055 98.7927 111.427 100.319 112.925 101.98 114.543 103.769 116.276 105.679 106.283 112.712 102.528 109.179 82.0731 76.4199 84.8528 79.3977 87.7268 82.4621 90.6863 85.6037 79.196 88.0909 136.938 132.966 136.528 132.544 96.0833 96.3328 100.08 100.319 104.077 104.307 108.074 108.296 79.196 68.8186 76.4199 65.6049 76.4199 73.5391 73.7564 70.7672 71.218 68.1175 
157.175 145.602 158.24 146.751 153.31 154.402 149.452 150.572 113.137 14.4222 8 12.6491 4 12 0 11.3137 8 8.94427 4 24.3311 8.94427 20.3961 16.4924 12.6491 121.458 110.055 122.703 111.427 124.064 112.925 125.539 114.543 127.122 116.276 117.644 123.483 113.842 119.867 91.214 85.0412 93.723 87.7268 96.3328 90.5097 99.0353 93.3809 88.0909 96.1665 148.862 144.886 148.486 144.499 96.3328 96.0833 100.319 100.08 104.307 104.077 108.296 108.074 88.0909 76.4199 85.6037 73.5391 85.0412 82.4621 82.0731 79.3977 79.196 76.4199 
151.789 140.456 153.101 141.873 148 149.345 144.222 145.602 122.376 4 8 5.65685 8.94427 8.94427 11.3137 0 8 4 8.94427 20 12 16.9706 14.4222 12.6491 116.619 105.603 118.186 107.331 119.867 109.179 121.655 111.14 123.548 113.208 112.925 120.067 109.252 116.619 90.5097 85.0412 93.3809 88.0909 96.3328 91.214 99.3579 94.4034 87.7268 96.8297 140.228 136.235 140.057 136.059 104 104.077 108 108.074 112 112.071 116 116.069 76.8375 65.1153 74.4043 62.2254 73.7564 71.218 70.7672 68.1175 67.8823 65.1153 
149.452 137.928 150.572 139.14 145.602 146.751 141.76 142.941 114.543 8.94427 11.3137 5.65685 8.94427 4 8 8 0 8.94427 4 16.4924 4 12.6491 8.94427 5.65685 113.842 102.528 115.169 104 116.619 105.603 118.186 107.331 119.867 109.179 110.055 116.276 106.283 112.712 85.0412 79.196 87.7268 82.0731 90.5097 85.0412 93.3809 88.0909 82.0731 90.6863 140.911 136.938 140.513 136.528 96 96.0833 100 100.08 104 104.077 108 108.074 82.0731 71.218 79.3977 68.1175 79.196 76.4199 76.4199 73.5391 73.7564 70.7672 
155.589 144.222 156.869 145.602 151.789 153.101 148 149.345 121.655 8 4 8.94427 5.65685 11.3137 8.94427 4 8.94427 0 8 23.3238 12.6491 20 16.9706 14.4222 120.333 109.252 121.852 110.923 123.483 112.712 125.22 114.612 127.059 116.619 116.619 123.548 112.925 120.067 93.3809 87.7268 96.1665 90.6863 99.0353 93.723 101.98 96.8297 90.5097 99.3579 144.222 140.228 144.056 140.057 104.077 104 108.074 108 112.071 112 116.069 116 80 67.8823 77.666 65.1153 76.8375 74.4043 73.7564 71.218 70.7672 68.1175 
153.31 141.76 154.402 142.941 149.452 150.572 145.602 146.751 113.772 11.3137 8.94427 8.94427 5.65685 8 4 8.94427 4 8 0 20.3961 5.65685 16.4924 12.6491 8.94427 117.644 106.283 118.929 107.703 120.333 109.252 121.852 110.923 123.483 112.712 113.842 119.867 110.055 116.276 88.0909 82.0731 90.6863 84.8528 93.3809 87.7268 96.1665 90.6863 85.0412 93.3809 144.886 140.911 144.499 140.513 96.0833 96 100.08 100 104.077 104 108.074 108 85.0412 73.7564 82.4621 70.7672 82.0731 79.3977 79.196 76.4199 76.4199 73.5391 
132.966 121.458 134.104 122.703 129.12 130.292 125.284 126.491 115.169 16.9706 26.8328 14.4222 25.2982 12.6491 24.3311 20 16.4924 23.3238 20.3961 0 16 4 8 12 97.4064 86.1626 98.7927 87.7268 100.319 89.4427 101.98 91.3017 103.769 93.2952 93.6376 100.24 89.8888 96.7471 70.7672 65.6049 73.7564 68.8186 76.8375 72.111 80 75.4718 68.1175 77.666 125.603 121.655 125.028 121.062 93.3809 94.1488 97.3242 98.0612 101.272 101.98 105.224 105.906 74.4043 66.2118 71.218 62.6099 72.111 68.8186 69.9714 66.5733 68 64.4981 
148.432 136.821 149.452 137.928 144.554 145.602 140.684 141.76 110.635 12.6491 14.4222 8.94427 11.3137 5.65685 8.94427 12 4 12.6491 5.65685 16 0 12 8 4 112.641 101.193 113.842 102.528 115.169 104 116.619 105.603 118.186 107.331 108.812 114.543 104.995 110.923 82.4621 76.4199 85.0412 79.196 87.7268 82.0731 90.5097 85.0412 79.3977 87.7268 141.421 137.463 140.911 136.938 92 92.0869 96 96.0833 100 100.08 104 104.077 84.8528 74.4043 82.0731 71.218 82.0731 79.196 79.3977 76.4199 76.8375 73.7564 
136.821 125.284 137.928 126.491 132.966 134.104 129.12 130.292 113.842 14.4222 23.3238 11.3137 21.5407 8.94427 20.3961 16.9706 12.6491 20 16.4924 4 12 0 4 8 101.193 89.8888 102.528 91.3893 104 93.0376 105.603 94.8262 107.331 96.7471 97.4064 103.769 93.6376 100.24 73.5391 68.1175 76.4199 71.218 79.3977 74.4043 82.4621 77.666 70.7672 80 129.553 125.603 128.996 125.028 92.7793 93.3809 96.7471 97.3242 100.717 101.272 104.69 105.224 76.8375 68 73.7564 64.4981 74.4043 71.218 72.111 68.8186 69.9714 66.5733 
140.684 129.12 141.76 130.292 136.821 137.928 132.966 134.104 112.641 12.6491 20 8.94427 17.8885 5.65685 16.4924 14.4222 8.94427 16.9706 12.6491 8 8 4 0 4 104.995 93.6376 106.283 95.0789 107.703 96.6644 109.252 98.387 110.923 100.24 101.193 107.331 97.4064 103.769 76.4199 70.7672 79.196 73.7564 82.0731 76.8375 85.0412 80 73.5391 82.4621 133.507 129.553 132.966 128.996 92.3472 92.7793 96.3328 96.7471 100.319 100.717 104.307 104.69 79.3977 69.9714 76.4199 66.5733 76.8375 73.7564 74.4043 71.218 72.111 68.8186 
144.554 132.966 145.602 134.104 140.684 141.76 136.821 137.928 111.571 12 16.9706 8 14.4222 4 12.6491 12.6491 5.65685 14.4222 8.94427 12 4 8 4 0 108.812 97.4064 110.055 98.7927 111.427 100.319 112.925 101.98 114.543 103.769 104.995 110.923 101.193 107.331 79.3977 73.5391 82.0731 76.4199 84.8528 79.3977 87.7268 82.4621 76.4199 85.0412 137.463 133.507 136.938 132.966 92.0869 92.3472 96.0833 96.3328 100.08 100.319 104.077 104.307 82.0731 72.111 79.196 68.8186 79.3977 76.4199 76.8375 73.7564 74.4043 71.218 
36.2215 24.3311 36.8782 25.2982 32.249 32.9848 28.2843 29.1204 152.315 112.925 124.064 111.427 122.703 110.055 121.458 116.619 113.842 120.333 117.644 97.4064 112.641 101.193 104.995 108.812 0 12 4 12.6491 8 14.4222 12 16.9706 16 20 4 16.4924 8 17.8885 48.3322 55.7136 50.1199 57.2713 52.1536 59.0593 54.4059 61.0574 52 57.6888 61.0574 59.0593 57.6888 55.5698 123.548 127.059 125.539 128.996 127.624 131.027 129.8 133.147 103.769 112.071 100.24 108.812 105.679 102.215 107.703 104.307 109.836 106.508 
48.1664 36.2215 48.6621 36.8782 44.1814 44.7214 40.1995 40.7922 142.042 101.98 112.925 100.319 111.427 98.7927 110.055 105.603 102.528 109.252 106.283 86.1626 101.193 89.8888 93.6376 97.4064 12 0 12.6491 4 14.4222 8 16.9706 12 20 16 8 17.8885 4 16.4924 37.7359 44.7214 40 46.6476 42.5206 48.8262 45.2548 51.225 41.1825 48.1664 68.1175 65.6049 65.1153 62.482 113.208 116.619 115.378 118.727 117.644 120.93 120 123.223 98.7927 105.679 95.0789 102.215 100.319 96.6644 101.98 98.387 103.769 100.24 
36 24 36.2215 24.3311 32 32.249 28 28.2843 150.36 114.543 125.539 112.925 124.064 111.427 122.703 118.186 115.169 121.852 118.929 98.7927 113.842 102.528 106.283 110.055 4 12.6491 0 12 4 12.6491 8 14.4222 12 16.9706 5.65685 12.6491 8.94427 14.4222 46.8188 54.4059 48.3322 55.7136 50.1199 57.2713 52.1536 59.0593 50.5964 55.5698 64.4981 62.6099 61.0574 59.0593 121.655 125.22 123.548 127.059 125.539 128.996 127.624 131.027 107.331 115.378 103.769 112.071 109.179 105.679 111.14 107.703 113.208 109.836 
48 36 48.1664 36.2215 44 44.1814 40 40.1995 139.943 103.769 114.543 101.98 112.925 100.319 111.427 107.331 104 110.923 107.703 87.7268 102.528 91.3893 95.0789 98.7927 12.6491 4 12 0 12.6491 4 14.4222 8 16.9706 12 8.94427 14.4222 5.65685 12.6491 35.7771 43.0813 37.7359 44.7214 40 46.6476 42.5206 48.8262 39.3954 45.607 71.218 68.8186 68.1175 65.6049 111.14 114.612 113.208 116.619 115.378 118.727 117.644 120.93 102.528 109.179 98.7927 105.679 104 100.319 105.603 101.98 107.331 103.769 
36.2215 24.3311 36 24 32.249 32 28.2843 28 148.486 116.276 127.122 114.543 125.539 112.925 124.064 119.867 116.619 123.483 120.333 100.319 115.169 104 107.703 111.427 8 14.4222 4 12.6491 0 12 4 12.6491 8 14.4222 8.94427 8.94427 11.3137 11.3137 45.607 53.3667 46.8188 54.4059 48.3322 55.7136 50.1199 57.2713 49.4773 53.6656 68 66.2118 64.4981 62.6099 119.867 123.483 121.655 125.22 123.548 127.059 125.539 128.996 110.923 118.727 107.331 115.378 112.712 109.179 114.612 111.14 116.619 113.208 
48.1664 36.2215 48 36 44.1814 44 40.1995 40 137.928 105.679 116.276 103.769 114.543 101.98 112.925 109.179 105.603 112.712 109.252 89.4427 104 93.0376 96.6644 100.319 14.4222 8 12.6491 4 12 0 12.6491 4 14.4222 8 11.3137 11.3137 8.94427 8.94427 34.176 41.7612 35.7771 43.0813 37.7359 44.7214 40 46.6476 37.9473 43.2666 74.4043 72.111 71.218 68.8186 109.179 112.712 111.14 114.612 113.208 116.619 115.378 118.727 106.283 112.712 102.528 109.179 107.703 104 109.252 105.603 110.923 107.331 
36.8782 25.2982 36.2215 24.3311 32.9848 32.249 29.1204 28.2843 146.697 118.119 128.81 116.276 127.122 114.543 125.539 121.655 118.186 125.22 121.852 101.98 116.619 105.603 109.252 112.925 12 16.9706 8 14.4222 4 12.6491 0 12 4 12.6491 12.6491 5.65685 14.4222 8.94427 44.7214 52.6118 45.607 53.3667 46.8188 54.4059 48.3322 55.7136 48.6621 52 71.5542 69.857 68 66.2118 118.186 121.852 119.867 123.483 121.655 125.22 123.548 127.059 114.543 122.115 110.923 118.727 116.276 112.712 118.119 114.612 120.067 116.619 
48.6621 36.8782 48.1664 36.2215 44.7214 44.1814 40.7922 40.1995 136 107.703 118.119 105.679 116.276 103.769 114.543 111.14 107.331 114.612 110.923 91.3017 105.603 94.8262 98.387 101.98 16.9706 12 14.4222 8 12.6491 4 12 0 12.6491 4 14.4222 8.94427 12.6491 5.65685 32.9848 40.7922 34.176 41.7612 35.7771 43.0813 37.7359 44.7214 36.8782 41.1825 77.666 75.4718 74.4043 72.111 107.331 110.923 109.179 112.712 111.14 114.612 113.208 116.619 110.055 116.276 106.283 112.712 111.427 107.703 112.925 109.252 114.543 110.923 
37.9473 26.8328 36.8782 25.2982 34.176 32.9848 30.4631 29.1204 144.997 120.067 130.599 118.119 128.81 116.276 127.122 123.548 119.867 127.059 123.483 103.769 118.186 107.331 110.923 114.543 16 20 12 16.9706 8 14.4222 4 12.6491 0 12 16.4924 4 17.8885 8 44.1814 52.1536 44.7214 52.6118 45.607 53.3667 46.8188 54.4059 48.1664 50.5964 75.1532 73.5391 71.5542 69.857 116.619 120.333 118.186 121.852 119.867 123.483 121.655 125.22 118.186 125.539 114.543 122.115 119.867 116.276 121.655 118.119 123.548 120.067 
49.4773 37.9473 48.6621 36.8782 45.607 44.7214 41.7612 40.7922 134.164 109.836 120.067 107.703 118.119 105.679 116.276 113.208 109.179 116.619 112.712 93.2952 107.331 96.7471 100.24 103.769 20 16 16.9706 12 14.4222 8 12.6491 4 12 0 17.8885 8 16.4924 4 32.249 40.1995 32.9848 40.7922 34.176 41.7612 35.7771 43.0813 36.2215 39.3954 80.9938 78.8923 77.666 75.4718 105.603 109.252 107.331 110.923 109.179 112.712 111.14 114.612 113.842 119.867 110.055 116.276 115.169 111.427 116.619 112.925 118.186 114.543 
40.1995 28.2843 40.7922 29.1204 36.2215 36.8782 32.249 32.9848 148.862 109.252 120.333 107.703 118.929 106.283 117.644 112.925 110.055 116.619 113.842 93.6376 108.812 97.4064 101.193 104.995 4 8 5.65685 8.94427 8.94427 11.3137 12.6491 14.4222 16.4924 17.8885 0 16 4 16.4924 44.7214 52 46.6476 53.6656 48.8262 55.5698 51.225 57.6888 48.3322 54.4059 63.2456 61.0574 60 57.6888 120.067 123.548 122.115 125.539 124.258 127.624 126.491 129.8 101.98 109.836 98.387 106.508 103.769 100.24 105.679 102.215 107.703 104.307 
41.7612 30.4631 40.7922 29.1204 37.9473 36.8782 34.176 32.9848 141.365 116.619 127.059 114.612 125.22 112.712 123.483 120.067 116.276 123.548 119.867 100.24 114.543 103.769 107.331 110.923 16.4924 17.8885 12.6491 14.4222 8.94427 11.3137 5.65685 8.94427 4 8 16 0 16.4924 4 40.1995 48.1664 40.7922 48.6621 41.7612 49.4773 43.0813 50.5964 44.1814 46.8188 76.9415 75.1532 73.4302 71.5542 112.925 116.619 114.543 118.186 116.276 119.867 118.119 121.655 116.619 123.548 112.925 120.067 118.186 114.543 119.867 116.276 121.655 118.119 
44.1814 32.249 44.7214 32.9848 40.1995 40.7922 36.2215 36.8782 145.437 105.603 116.619 104 115.169 102.528 113.842 109.252 106.283 112.925 110.055 89.8888 104.995 93.6376 97.4064 101.193 8 4 8.94427 5.65685 11.3137 8.94427 14.4222 12.6491 17.8885 16.4924 4 16.4924 0 16 41.1825 48.3322 43.2666 50.1199 45.607 52.1536 48.1664 54.4059 44.7214 51.225 65.6049 63.2456 62.482 60 116.619 120.067 118.727 122.115 120.93 124.258 123.223 126.491 100.319 107.703 96.6644 104.307 101.98 98.387 103.769 100.24 105.679 102.215 
45.607 34.176 44.7214 32.9848 41.7612 40.7922 37.9473 36.8782 137.753 113.208 123.548 111.14 121.655 109.179 119.867 116.619 112.712 120.067 116.276 96.7471 110.923 100.24 103.769 107.331 17.8885 16.4924 14.4222 12.6491 11.3137 8.94427 8.94427 5.65685 8 4 16.4924 4 16 0 36.2215 44.1814 36.8782 44.7214 37.9473 45.607 39.3954 46.8188 40.1995 43.0813 78.8923 76.9415 75.4718 73.4302 109.252 112.925 110.923 114.543 112.712 116.276 114.612 118.119 115.169 121.655 111.427 118.119 116.619 112.925 118.186 114.543 119.867 116.276 
81.5843 69.857 80.895 69.0507 77.666 76.9415 73.7564 72.9932 104.307 87.7268 96.3328 84.8528 93.723 82.0731 91.214 90.5097 85.0412 93.3809 88.0909 70.7672 82.4621 73.5391 76.4199 79.3977 48.3322 37.7359 46.8188 35.7771 45.607 34.176 44.7214 32.9848 44.1814 32.249 44.7214 40.1995 41.1825 36.2215 0 8 4 8.94427 8 11.3137 12 14.4222 4 12.6491 104.69 101.823 101.98 99.0353 75.4718 78.8923 77.666 80.9938 80 83.2346 82.4621 85.6037 112.071 113.772 108.074 109.836 112.285 108.296 112.641 108.665 113.137 109.179 
89.4427 77.666 88.8144 76.9415 85.5102 84.8528 81.5843 80.895 97.6524 82.4621 90.5097 79.3977 87.7268 76.4199 85.0412 85.0412 79.196 87.7268 82.0731 65.6049 76.4199 68.1175 70.7672 73.5391 55.7136 44.7214 54.4059 43.0813 53.3667 41.7612 52.6118 40.7922 52.1536 40.1995 52 48.1664 48.3322 44.1814 8 0 8.94427 4 11.3137 8 14.4222 12 4 12.6491 110.635 107.629 108.074 104.995 68.8186 72.111 71.218 74.4043 73.7564 76.8375 76.4199 79.3977 112.071 112.641 108.074 108.665 112 108 112.071 108.074 112.285 108.296 
82.4621 70.8802 81.5843 69.857 78.5875 77.666 74.7262 73.7564 102.215 90.6863 99.0353 87.7268 96.3328 84.8528 93.723 93.3809 87.7268 96.1665 90.6863 73.7564 85.0412 76.4199 79.196 82.0731 50.1199 40 48.3322 37.7359 46.8188 35.7771 45.607 34.176 44.7214 32.9848 46.6476 40.7922 43.2666 36.8782 4 8.94427 0 8 4 8.94427 8 11.3137 5.65685 8.94427 107.48 104.69 104.69 101.823 73.4302 76.9415 75.4718 78.8923 77.666 80.9938 80 83.2346 116.069 117.712 112.071 113.772 116.276 112.285 116.619 112.641 117.098 113.137 
90.2441 78.5875 89.4427 77.666 86.3481 85.5102 82.4621 81.5843 95.4149 85.6037 93.3809 82.4621 90.5097 79.3977 87.7268 88.0909 82.0731 90.6863 84.8528 68.8186 79.196 71.218 73.7564 76.4199 57.2713 46.6476 55.7136 44.7214 54.4059 43.0813 53.3667 41.7612 52.6118 40.7922 53.6656 48.6621 50.1199 44.7214 8.94427 4 8 0 8.94427 4 11.3137 8 5.65685 8.94427 113.278 110.345 110.635 107.629 66.5733 69.9714 68.8186 72.111 71.218 74.4043 73.7564 76.8375 116.069 116.619 112.071 112.641 116 112 116.069 112.071 116.276 112.285 
83.5225 72.111 82.4621 70.8802 79.6994 78.5875 75.8947 74.7262 100.24 93.723 101.823 90.6863 99.0353 87.7268 96.3328 96.3328 90.5097 99.0353 93.3809 76.8375 87.7268 79.3977 82.0731 84.8528 52.1536 42.5206 50.1199 40 48.3322 37.7359 46.8188 35.7771 45.607 34.176 48.8262 41.7612 45.607 37.9473 8 11.3137 4 8.94427 0 8 4 8.94427 8.94427 5.65685 110.345 107.629 107.48 104.69 71.5542 75.1532 73.4302 76.9415 75.4718 78.8923 77.666 80.9938 120.067 121.655 116.069 117.712 120.266 116.276 120.599 116.619 121.062 117.098 
91.214 79.6994 90.2441 78.5875 87.3613 86.3481 83.5225 82.4621 93.2952 88.8144 96.3328 85.6037 93.3809 82.4621 90.5097 91.214 85.0412 93.723 87.7268 72.111 82.0731 74.4043 76.8375 79.3977 59.0593 48.8262 57.2713 46.6476 55.7136 44.7214 54.4059 43.0813 53.3667 41.7612 55.5698 49.4773 52.1536 45.607 11.3137 8 8.94427 4 8 0 8.94427 4 8.94427 5.65685 116 113.137 113.278 110.345 64.4981 68 66.5733 69.9714 68.8186 72.111 71.218 74.4043 120.067 120.599 116.069 116.619 120 116 120.067 116.069 120.266 116.276 
84.7585 73.5391 83.5225 72.111 80.9938 79.6994 77.2528 75.8947 98.387 96.8297 104.69 93.723 101.823 90.6863 99.0353 99.3579 93.3809 101.98 96.1665 80 90.5097 82.4621 85.0412 87.7268 54.4059 45.2548 52.1536 42.5206 50.1199 40 48.3322 37.7359 46.8188 35.7771 51.225 43.0813 48.1664 39.3954 12 14.4222 8 11.3137 4 8.94427 0 8 12.6491 4 113.278 110.635 110.345 107.629 69.857 73.5391 71.5542 75.1532 73.4302 76.9415 75.4718 78.8923 124.064 125.603 120.067 121.655 124.258 120.266 124.579 120.599 125.028 121.062 
92.3472 80.9938 91.214 79.6994 88.5438 87.3613 84.7585 83.5225 91.3017 92.0869 99.3579 88.8144 96.3328 85.6037 93.3809 94.4034 88.0909 96.8297 90.6863 75.4718 85.0412 77.666 80 82.4621 61.0574 51.225 59.0593 48.8262 57.2713 46.6476 55.7136 44.7214 54.4059 43.0813 57.6888 50.5964 54.4059 46.8188 14.4222 12 11.3137 8 8.94427 4 8 0 12.6491 4 118.794 116 116 113.137 62.6099 66.2118 64.4981 68 66.5733 69.9714 68.8186 72.111 124.064 124.579 120.067 120.599 124 120 124.064 120.067 124.258 120.266 
85.5102 73.7564 84.8528 72.9932 81.5843 80.895 77.666 76.9415 100.955 85.0412 93.3809 82.0731 90.6863 79.196 88.0909 87.7268 82.0731 90.5097 85.0412 68.1175 79.3977 70.7672 73.5391 76.4199 52 41.1825 50.5964 39.3954 49.4773 37.9473 48.6621 36.8782 48.1664 36.2215 48.3322 44.1814 44.7214 40.1995 4 4 5.65685 5.65685 8.94427 8.94427 12.6491 12.6491 0 12 107.629 104.69 104.995 101.98 72.111 75.4718 74.4043 77.666 76.8375 80 79.3977 82.4621 112 113.137 108 109.179 112.071 108.074 112.285 108.296 112.641 108.665 
88.5438 77.2528 87.3613 75.8947 84.7585 83.5225 80.9938 79.6994 94.8262 94.4034 101.98 91.214 99.0353 88.0909 96.1665 96.8297 90.6863 99.3579 93.3809 77.666 87.7268 80 82.4621 85.0412 57.6888 48.1664 55.5698 45.607 53.6656 43.2666 52 41.1825 50.5964 39.3954 54.4059 46.8188 51.225 43.0813 12.6491 12.6491 8.94427 8.94427 5.65685 5.65685 4 4 12 0 116 113.278 113.137 110.345 66.2118 69.857 68 71.5542 69.9714 73.4302 72.111 75.4718 124 125.028 120 121.062 124.064 120.067 124.258 120.266 124.579 120.599 
56.1427 56.5685 60.1332 60.531 56 60 56.1427 60.1332 208.038 136.235 148.216 136.528 148.486 136.938 148.862 140.228 140.911 144.222 144.886 125.603 141.421 129.553 133.507 137.463 61.0574 68.1175 64.4981 71.218 68 74.4043 71.5542 77.666 75.1532 80.9938 63.2456 76.9415 65.6049 78.8923 104.69 110.635 107.48 113.278 110.345 116 113.278 118.794 107.629 116 0 4 4 5.65685 179.287 182.428 181.813 184.911 184.391 187.446 187.019 190.032 89.4427 104 87.7268 102.528 93.0376 91.3893 96.6644 95.0789 100.319 98.7927 
56.5685 56.1427 60.531 60.1332 56.1427 60.1332 56 60 204.9 132.242 144.222 132.544 144.499 132.966 144.886 136.235 136.938 140.228 140.911 121.655 137.463 125.603 129.553 133.507 59.0593 65.6049 62.6099 68.8186 66.2118 72.111 69.857 75.4718 73.5391 78.8923 61.0574 75.1532 63.2456 76.9415 101.823 107.629 104.69 110.345 107.629 113.137 110.635 116 104.69 113.278 4 0 5.65685 4 176.182 179.287 178.751 181.813 181.373 184.391 184.043 187.019 85.8836 100.319 84.0952 98.7927 89.4427 87.7268 93.0376 91.3893 96.6644 95.0789 
52.1536 52.6118 56.1427 56.5685 52 56 52.1536 56.1427 205.602 136.059 148.054 136.235 148.216 136.528 148.486 140.057 140.513 144.056 144.499 125.028 140.911 128.996 132.966 136.938 57.6888 65.1153 61.0574 68.1175 64.4981 71.218 68 74.4043 71.5542 77.666 60 73.4302 62.482 75.4718 101.98 108.074 104.69 110.635 107.48 113.278 110.345 116 104.995 113.137 4 5.65685 0 4 176.816 180 179.287 182.428 181.813 184.911 184.391 187.446 91.3017 105.603 89.4427 104 94.8262 93.0376 98.387 96.6644 101.98 100.319 
52.6118 52.1536 56.5685 56.1427 52.1536 56.1427 52 56 202.425 132.061 144.056 132.242 144.222 132.544 144.499 136.059 136.528 140.057 140.513 121.062 136.938 125.028 128.996 132.966 55.5698 62.482 59.0593 65.6049 62.6099 68.8186 66.2118 72.111 69.857 75.4718 57.6888 71.5542 60 73.4302 99.0353 104.995 101.823 107.629 104.69 110.345 107.629 113.137 101.98 110.345 5.65685 4 4 0 173.666 176.816 176.182 179.287 178.751 181.813 181.373 184.391 87.818 101.98 85.8836 100.319 91.3017 89.4427 94.8262 93.0376 98.387 96.6644 
154.506 143.388 153.101 141.873 150.785 149.345 147.078 145.602 28.8444 104.077 104.307 100.08 100.319 96.0833 96.3328 104 96 104.077 96.0833 93.3809 92 92.7793 92.3472 92.0869 123.548 113.208 121.655 111.14 119.867 109.179 118.186 107.331 116.619 105.603 120.067 112.925 116.619 109.252 75.4718 68.8186 73.4302 66.5733 71.5542 64.4981 69.857 62.6099 72.111 66.2118 179.287 176.182 176.816 173.666 0 4 4 5.65685 8 8.94427 12 12.6491 163.414 158.24 159.7 154.402 161.988 158.24 160.649 156.869 159.399 155.589 
158.24 147.078 156.869 145.602 154.506 153.101 150.785 149.345 25.6125 104.307 104.077 100.319 100.08 96.3328 96.0833 104.077 96.0833 104 96 94.1488 92.0869 93.3809 92.7793 92.3472 127.059 116.619 125.22 114.612 123.483 112.712 121.852 110.923 120.333 109.252 123.548 116.619 120.067 112.925 78.8923 72.111 76.9415 69.9714 75.1532 68 73.5391 66.2118 75.4718 69.857 182.428 179.287 180 176.816 4 0 5.65685 4 8.94427 8 12.6491 12 164.924 159.399 161.245 155.589 163.414 159.7 161.988 158.24 160.649 156.869 
156 144.997 154.506 143.388 152.315 150.785 148.647 147.078 26.8328 108.074 108.296 104.077 104.307 100.08 100.319 108 100 108.074 100.08 97.3242 96 96.7471 96.3328 96.0833 125.539 115.378 123.548 113.208 121.655 111.14 119.867 109.179 118.186 107.331 122.115 114.543 118.727 110.923 77.666 71.218 75.4718 68.8186 73.4302 66.5733 71.5542 64.4981 74.4043 68 181.813 178.751 179.287 176.182 4 5.65685 0 4 4 5.65685 8 8.94427 167.141 162.086 163.414 158.24 165.747 161.988 164.438 160.649 163.218 159.399 
159.7 148.647 158.24 147.078 156 154.506 152.315 150.785 23.3238 108.296 108.074 104.307 104.077 100.319 100.08 108.074 100.08 108 100 98.0612 96.0833 97.3242 96.7471 96.3328 128.996 118.727 127.059 116.619 125.22 114.612 123.483 112.712 121.852 110.923 125.539 118.186 122.115 114.543 80.9938 74.4043 78.8923 72.111 76.9415 69.9714 75.1532 68 77.666 71.5542 184.911 181.813 182.428 179.287 5.65685 4 4 0 5.65685 4 8.94427 8 168.618 163.218 164.924 159.399 167.141 163.414 165.747 161.988 164.438 160.649 
157.582 146.697 156 144.997 153.935 152.315 150.306 148.647 25.2982 112.071 112.285 108.074 108.296 104.077 104.307 112 104 112.071 104.077 101.272 100 100.717 100.319 100.08 127.624 117.644 125.539 115.378 123.548 113.208 121.655 111.14 119.867 109.179 124.258 116.276 120.93 112.712 80 73.7564 77.666 71.218 75.4718 68.8186 73.4302 66.5733 76.8375 69.9714 184.391 181.373 181.813 178.751 8 8.94427 4 5.65685 0 4 4 5.65685 170.88 165.94 167.141 162.086 169.517 165.747 168.238 164.438 167.045 163.218 
161.245 150.306 159.7 148.647 157.582 156 153.935 152.315 21.5407 112.285 112.071 108.296 108.074 104.307 104.077 112.071 104.077 112 104 101.98 100.08 101.272 100.717 100.319 131.027 120.93 128.996 118.727 127.059 116.619 125.22 114.612 123.483 112.712 127.624 119.867 124.258 116.276 83.2346 76.8375 80.9938 74.4043 78.8923 72.111 76.9415 69.9714 80 73.4302 187.446 184.391 184.911 181.813 8.94427 8 5.65685 4 4 0 5.65685 4 172.325 167.045 168.618 163.218 170.88 167.141 169.517 165.747 168.238 164.438 
159.248 148.486 157.582 146.697 155.641 153.935 152.053 150.306 24.3311 116.069 116.276 112.071 112.285 108.074 108.296 116 108 116.069 108.074 105.224 104 104.69 104.307 104.077 129.8 120 127.624 117.644 125.539 115.378 123.548 113.208 121.655 111.14 126.491 118.119 123.223 114.612 82.4621 76.4199 80 73.7564 77.666 71.218 75.4718 68.8186 79.3977 72.111 187.019 184.043 184.391 181.373 12 12.6491 8 8.94427 4 5.65685 0 4 174.631 169.8 170.88 165.94 173.297 169.517 172.047 168.238 170.88 167.045 
162.874 152.053 161.245 150.306 159.248 157.582 155.641 153.935 20.3961 116.276 116.069 112.285 112.071 108.296 108.074 116.069 108.074 116 108 105.906 104.077 105.224 104.69 104.307 133.147 123.223 131.027 120.93 128.996 118.727 127.059 116.619 125.22 114.612 129.8 121.655 126.491 118.119 85.6037 79.3977 83.2346 76.8375 80.9938 74.4043 78.8923 72.111 82.4621 75.4718 190.032 187.019 187.446 184.391 12.6491 12 8.94427 8 5.65685 4 4 0 176.045 170.88 172.325 167.045 174.631 170.88 173.297 169.517 172.047 168.238 
127.562 120 130.599 123.223 124.964 128.062 122.442 125.603 187.83 73.7564 83.2346 76.4199 85.6037 79.196 88.0909 76.8375 82.0731 80 85.0412 74.4043 84.8528 76.8375 79.3977 82.0731 103.769 98.7927 107.331 102.528 110.923 106.283 114.543 110.055 118.186 113.842 101.98 116.619 100.319 115.169 112.071 112.071 116.069 116.069 120.067 120.067 124.064 124.064 112 124 89.4427 85.8836 91.3017 87.818 163.414 164.924 167.141 168.618 170.88 172.325 174.631 176.045 0 16 4 16.4924 4 5.65685 8 8.94427 12 12.6491 
138.622 130.231 141.421 133.207 135.765 138.622 132.966 135.882 181.24 62.482 70.7672 65.6049 73.5391 68.8186 76.4199 65.1153 71.218 67.8823 73.7564 66.2118 74.4043 68 69.9714 72.111 112.071 105.679 115.378 109.179 118.727 112.712 122.115 116.276 125.539 119.867 109.836 123.548 107.703 121.655 113.772 112.641 117.712 116.619 121.655 120.599 125.603 124.579 113.137 125.028 104 100.319 105.603 101.98 158.24 159.399 162.086 163.218 165.94 167.045 169.8 170.88 16 0 16.4924 4 12 12.6491 8 8.94427 4 5.65685 
124.579 116.825 127.562 120 121.918 124.964 119.331 122.442 184.261 71.218 80.9938 73.7564 83.2346 76.4199 85.6037 74.4043 79.3977 77.666 82.4621 71.218 82.0731 73.7564 76.4199 79.196 100.24 95.0789 103.769 98.7927 107.331 102.528 110.923 106.283 114.543 110.055 98.387 112.925 96.6644 111.427 108.074 108.074 112.071 112.071 116.069 116.069 120.067 120.067 108 120 87.7268 84.0952 89.4427 85.8836 159.7 161.245 163.414 164.924 167.141 168.618 170.88 172.325 4 16.4924 0 16 5.65685 4 8.94427 8 12.6491 12 
135.882 127.311 138.622 130.231 132.966 135.765 130.108 132.966 177.539 59.4643 68.1175 62.482 70.7672 65.6049 73.5391 62.2254 68.1175 65.1153 70.7672 62.6099 71.218 64.4981 66.5733 68.8186 108.812 102.215 112.071 105.679 115.378 109.179 118.727 112.712 122.115 116.276 106.508 120.067 104.307 118.119 109.836 108.665 113.772 112.641 117.712 116.619 121.655 120.599 109.179 121.062 102.528 98.7927 104 100.319 154.402 155.589 158.24 159.399 162.086 163.218 165.94 167.045 16.4924 4 16 0 12.6491 12 8.94427 8 5.65685 4 
130.231 122.442 133.207 125.603 127.562 130.599 124.964 128.062 186.075 70.7672 80 73.5391 82.4621 76.4199 85.0412 73.7564 79.196 76.8375 82.0731 72.111 82.0731 74.4043 76.8375 79.3977 105.679 100.319 109.179 104 112.712 107.703 116.276 111.427 119.867 115.169 103.769 118.186 101.98 116.619 112.285 112 116.276 116 120.266 120 124.258 124 112.071 124.064 93.0376 89.4427 94.8262 91.3017 161.988 163.414 165.747 167.141 169.517 170.88 173.297 174.631 4 12 5.65685 12.6491 0 4 4 5.65685 8 8.94427 
127.311 119.331 130.231 122.442 124.579 127.562 121.918 124.964 182.472 68.1175 77.666 70.7672 80 73.5391 82.4621 71.218 76.4199 74.4043 79.3977 68.8186 79.196 71.218 73.7564 76.4199 102.215 96.6644 105.679 100.319 109.179 104 112.712 107.703 116.276 111.427 100.24 114.543 98.387 112.925 108.296 108 112.285 112 116.276 116 120.266 120 108.074 120.067 91.3893 87.7268 93.0376 89.4427 158.24 159.7 161.988 163.414 165.747 167.141 169.517 170.88 5.65685 12.6491 4 12 4 0 5.65685 4 8.94427 8 
132.966 124.964 135.882 128.062 130.231 133.207 127.562 130.599 184.391 67.8823 76.8375 70.7672 79.3977 73.7564 82.0731 70.7672 76.4199 73.7564 79.196 69.9714 79.3977 72.111 74.4043 76.8375 107.703 101.98 111.14 105.603 114.612 109.252 118.119 112.925 121.655 116.619 105.679 119.867 103.769 118.186 112.641 112.071 116.619 116.069 120.599 120.067 124.579 124.064 112.285 124.258 96.6644 93.0376 98.387 94.8262 160.649 161.988 164.438 165.747 168.238 169.517 172.047 173.297 8 8 8.94427 8.94427 4 5.65685 0 4 4 5.65685 
130.108 121.918 132.966 124.964 127.311 130.231 124.579 127.562 180.754 65.1153 74.4043 67.8823 76.8375 70.7672 79.3977 68.1175 73.5391 71.218 76.4199 66.5733 76.4199 68.8186 71.218 73.7564 104.307 98.387 107.703 101.98 111.14 105.603 114.612 109.252 118.119 112.925 102.215 116.276 100.24 114.543 108.665 108.074 112.641 112.071 116.619 116.069 120.599 120.067 108.296 120.266 95.0789 91.3893 96.6644 93.0376 156.869 158.24 160.649 161.988 164.438 165.747 168.238 169.517 8.94427 8.94427 8 8 5.65685 4 4 0 5.65685 4 
135.765 127.562 138.622 130.599 132.966 135.882 130.231 133.207 182.779 65.1153 73.7564 68.1175 76.4199 71.218 79.196 67.8823 73.7564 70.7672 76.4199 68 76.8375 69.9714 72.111 74.4043 109.836 103.769 113.208 107.331 116.619 110.923 120.067 114.543 123.548 118.186 107.703 121.655 105.679 119.867 113.137 112.285 117.098 116.276 121.062 120.266 125.028 124.258 112.641 124.579 100.319 96.6644 101.98 98.387 159.399 160.649 163.218 164.438 167.045 168.238 170.88 172.047 12 4 12.6491 5.65685 8 8.94427 4 5.65685 0 4 
132.966 124.579 135.765 127.562 130.108 132.966 127.311 130.231 179.109 62.2254 71.218 65.1153 73.7564 68.1175 76.4199 65.1153 70.7672 68.1175 73.5391 64.4981 73.7564 66.5733 68.8186 71.218 106.508 100.24 109.836 103.769 113.208 107.331 116.619 110.923 120.067 114.543 104.307 118.119 102.215 116.276 109.179 108.296 113.137 112.285 117.098 116.276 121.062 120.266 108.665 120.599 98.7927 95.0789 100.319 96.6644 155.589 156.869 159.399 160.649 163.218 164.438 167.045 168.238 12.6491 5.65685 12 4 8.94427 8 5.65685 4 4 0 
