0 4 4 5.65685 8 8.94427 173.113 23.3238 28.2843 20 25.6125 16.9706 23.3238 14.4222 21.5407 12.6491 20.3961 25.6125 16.4924 102.84 106.733 110.635 114.543 57.2713 53.3667 60.9262 57.2713 64.622 61.1882 68.352 65.1153 55.7136 67.0522 54.4059 65.9697 39.3954 46.8188 41.1825 48.3322 43.0813 44.7214 76.9415 80.9938 80.895 84.7585 84.8528 88.5438 88.8144 92.3472 92.7793 96.1665 77.666 93.3809 78.5875 94.1488 79.6994 95.0789 143.388 53.6656 55.5698 57.6888 60 62.482 29.1204 28 25.2982 24 21.5407 20 28.2843 
4 0 5.65685 4 8.94427 8 170.082 21.5407 25.6125 17.8885 22.6274 14.4222 20 11.3137 17.8885 8.94427 16.4924 23.3238 12.6491 101.98 105.906 109.836 113.772 59.0593 54.4059 62.6099 58.2409 66.2118 62.0967 69.857 65.9697 57.2713 68.352 55.7136 67.0522 35.7771 43.0813 37.7359 44.7214 39.3954 41.1825 76.4199 79.6994 80.399 83.5225 84.3801 87.3613 88.3629 91.214 92.3472 95.0789 76.9415 92.7793 77.666 93.3809 78.5875 94.1488 139.714 57.2713 59.0593 61.0574 63.2456 65.6049 30.4631 28.2843 26.8328 24.3311 23.3238 20.3961 29.1204 
4 5.65685 0 4 4 5.65685 170.552 26.8328 31.241 23.3238 28.2843 20 25.6125 16.9706 23.3238 14.4222 21.5407 28.8444 17.8885 98.9545 102.84 106.733 110.635 53.6656 49.4773 57.2713 53.3667 60.9262 57.2713 64.622 61.1882 52 63.2456 50.5964 62.0967 37.9473 45.607 39.3954 46.8188 41.7612 43.0813 72.9932 77.2528 76.9415 80.9938 80.895 84.7585 84.8528 88.5438 88.8144 92.3472 73.7564 89.4427 74.7262 90.2441 75.8947 91.214 144.997 52 53.6656 55.5698 57.6888 60 32.9848 32 29.1204 28 25.2982 24 32.249 
5.65685 4 4 0 5.65685 4 167.475 25.2982 28.8444 21.5407 25.6125 17.8885 22.6274 14.4222 20 11.3137 17.8885 26.8328 14.4222 98.0612 101.98 105.906 109.836 55.5698 50.5964 59.0593 54.4059 62.6099 58.2409 66.2118 62.0967 53.6656 64.622 52 63.2456 34.176 41.7612 35.7771 43.0813 37.9473 39.3954 72.4431 75.8947 76.4199 79.6994 80.399 83.5225 84.3801 87.3613 88.3629 91.214 72.9932 88.8144 73.7564 89.4427 74.7262 90.2441 141.365 55.7136 57.2713 59.0593 61.0574 63.2456 34.176 32.249 30.4631 28.2843 26.8328 24.3311 32.9848 
8 8.94427 4 5.65685 0 4 168.048 30.4631 34.4093 26.8328 31.241 23.3238 28.2843 20 25.6125 16.9706 23.3238 32.249 20 95.0789 98.9545 102.84 106.733 50.1199 45.607 53.6656 49.4773 57.2713 53.3667 60.9262 57.2713 48.3322 59.4643 46.8188 58.2409 36.8782 44.7214 37.9473 45.607 40.7922 41.7612 69.0507 73.5391 72.9932 77.2528 76.9415 80.9938 80.895 84.7585 84.8528 88.5438 69.857 85.5102 70.8802 86.3481 72.111 87.3613 146.697 50.5964 52 53.6656 55.5698 57.6888 36.8782 36 32.9848 32 29.1204 28 36.2215 
8.94427 8 5.65685 4 4 0 164.924 29.1204 32.249 25.2982 28.8444 21.5407 25.6125 17.8885 22.6274 14.4222 20 30.4631 16.9706 94.1488 98.0612 101.98 105.906 52.1536 46.8188 55.5698 50.5964 59.0593 54.4059 62.6099 58.2409 50.1199 60.9262 48.3322 59.4643 32.9848 40.7922 34.176 41.7612 36.8782 37.9473 68.469 72.111 72.4431 75.8947 76.4199 79.6994 80.399 83.5225 84.3801 87.3613 69.0507 84.8528 69.857 85.5102 70.8802 86.3481 143.108 54.4059 55.7136 57.2713 59.0593 61.0574 37.9473 36.2215 34.176 32.249 30.4631 28.2843 36.8782 
173.113 170.082 170.552 167.475 168.048 164.924 0 178.393 173.113 175.454 170.082 172.557 167.093 169.706 164.146 166.901 161.245 175.727 164.049 108.665 108.296 108.074 108 167.141 156 165.747 154.506 164.438 153.101 163.218 151.789 163.414 159.399 159.7 155.589 135.765 130.231 132.966 127.311 132.966 130.108 125.284 110.055 124.193 108.812 123.223 107.703 122.376 106.733 121.655 105.906 121.458 117.712 117.644 113.772 113.842 109.836 168 200.36 198.635 196.977 195.387 193.866 197.99 192.416 195.182 189.526 192.416 186.676 195.182 
23.3238 21.5407 26.8328 25.2982 30.4631 29.1204 178.393 0 8 4 8.94427 8 11.3137 12 14.4222 16 17.8885 4 16.4924 120.599 124.579 128.561 132.544 80.4984 75.8947 84.0952 79.6994 87.7268 83.5225 91.3893 87.3613 78.7909 89.8888 77.2528 88.5438 43.2666 48.1664 46.6476 51.225 45.607 48.8262 96 97.3242 100 101.272 104 105.224 108 109.179 112 113.137 96.0833 112.071 96.3328 112.285 96.7471 112.641 125.284 74.4043 76.8375 79.3977 82.0731 84.8528 21.5407 14.4222 20.3961 12.6491 20 12 17.8885 
28.2843 25.6125 31.241 28.8444 34.4093 32.249 173.113 8 0 8.94427 4 11.3137 8 14.4222 12 17.8885 16 4 16.4924 120.067 124.064 128.062 132.061 84.3801 78.7909 87.818 82.4621 91.3017 86.1626 94.8262 89.8888 82.365 93.0376 80.4984 91.3893 39.3954 43.2666 43.0813 46.6476 41.1825 44.7214 96.3328 96.3328 100.319 100.319 104.307 104.307 108.296 108.296 112.285 112.285 96.0833 112.071 96 112 96.0833 112.071 117.644 80.9938 83.2346 85.6037 88.0909 90.6863 29.1204 21.5407 28.2843 20.3961 28 20 25.2982 
20 17.8885 23.3238 21.5407 26.8328 25.2982 175.454 4 8.94427 0 8 4 8.94427 8 11.3137 12 14.4222 5.65685 12.6491 116.619 120.599 124.579 128.561 76.9415 72.111 80.4984 75.8947 84.0952 79.6994 87.7268 83.5225 75.1532 86.1626 73.5391 84.7585 40 45.2548 43.2666 48.1664 42.5206 45.607 92 93.3809 96 97.3242 100 101.272 104 105.224 108 109.179 92.0869 108.074 92.3472 108.296 92.7793 108.665 126.491 72.111 74.4043 76.8375 79.3977 82.0731 23.3238 16.9706 21.5407 14.4222 20.3961 12.6491 20 
25.6125 22.6274 28.2843 25.6125 31.241 28.8444 170.082 8.94427 4 8 0 8.94427 4 11.3137 8 14.4222 12 5.65685 12.6491 116.069 120.067 124.064 128.062 80.9938 75.1532 84.3801 78.7909 87.818 82.4621 91.3017 86.1626 78.8923 89.4427 76.9415 87.7268 35.7771 40 39.3954 43.2666 37.7359 41.1825 92.3472 92.3472 96.3328 96.3328 100.319 100.319 104.307 104.307 108.296 108.296 92.0869 108.074 92 108 92.0869 108.074 118.929 78.8923 80.9938 83.2346 85.6037 88.0909 30.4631 23.3238 29.1204 21.5407 28.2843 20.3961 26.8328 
16.9706 14.4222 20 17.8885 23.3238 21.5407 172.557 8 11.3137 4 8.94427 0 8 4 8.94427 8 11.3137 8.94427 8.94427 112.641 116.619 120.599 124.579 73.4302 68.352 76.9415 72.111 80.4984 75.8947 84.0952 79.6994 71.5542 82.4621 69.857 80.9938 36.8782 42.5206 40 45.2548 39.598 42.5206 88 89.4427 92 93.3809 96 97.3242 100 101.272 104 105.224 88.0909 104.077 88.3629 104.307 88.8144 104.69 127.812 69.9714 72.111 74.4043 76.8375 79.3977 25.6125 20 23.3238 16.9706 21.5407 14.4222 22.6274 
23.3238 20 25.6125 22.6274 28.2843 25.6125 167.093 11.3137 8 8.94427 4 8 0 8.94427 4 11.3137 8 8.94427 8.94427 112.071 116.069 120.067 124.064 77.666 71.5542 80.9938 75.1532 84.3801 78.7909 87.818 82.4621 75.4718 85.8836 73.4302 84.0952 32.249 36.8782 35.7771 40 34.4093 37.7359 88.3629 88.3629 92.3472 92.3472 96.3328 96.3328 100.319 100.319 104.307 104.307 88.0909 104.077 88 104 88.0909 104.077 120.333 76.9415 78.8923 80.9938 83.2346 85.6037 32.249 25.6125 30.4631 23.3238 29.1204 21.5407 28.8444 
14.4222 11.3137 16.9706 14.4222 20 17.8885 169.706 12 14.4222 8 11.3137 4 8.94427 0 8 4 8.94427 12.6491 5.65685 108.665 112.641 116.619 120.599 69.9714 64.622 73.4302 68.352 76.9415 72.111 80.4984 75.8947 68 78.7909 66.2118 77.2528 33.9411 40 36.8782 42.5206 36.8782 39.598 84 85.5102 88 89.4427 92 93.3809 96 97.3242 100 101.272 84.0952 100.08 84.3801 100.319 84.8528 100.717 129.244 68 69.9714 72.111 74.4043 76.8375 28.2843 23.3238 25.6125 20 23.3238 16.9706 25.6125 
21.5407 17.8885 23.3238 20 25.6125 22.6274 164.146 14.4222 12 11.3137 8 8.94427 4 8 0 8.94427 4 12.6491 5.65685 108.074 112.071 116.069 120.067 74.4043 68 77.666 71.5542 80.9938 75.1532 84.3801 78.7909 72.111 82.365 69.9714 80.4984 28.8444 33.9411 32.249 36.8782 31.241 34.4093 84.3801 84.3801 88.3629 88.3629 92.3472 92.3472 96.3328 96.3328 100.319 100.319 84.0952 100.08 84 100 84.0952 100.08 121.852 75.1532 76.9415 78.8923 80.9938 83.2346 34.4093 28.2843 32.249 25.6125 30.4631 23.3238 31.241 
12.6491 8.94427 14.4222 11.3137 16.9706 14.4222 166.901 16 17.8885 12 14.4222 8 11.3137 4 8.94427 0 8 16.4924 4 104.69 108.665 112.641 116.619 66.5733 60.9262 69.9714 64.622 73.4302 68.352 76.9415 72.111 64.4981 75.1532 62.6099 73.5391 31.241 37.7359 33.9411 40 34.4093 36.8782 80 81.5843 84 85.5102 88 89.4427 92 93.3809 96 97.3242 80.0999 96.0833 80.399 96.3328 80.895 96.7471 130.782 66.2118 68 69.9714 72.111 74.4043 31.241 26.8328 28.2843 23.3238 25.6125 20 28.8444 
20.3961 16.4924 21.5407 17.8885 23.3238 20 161.245 17.8885 16 14.4222 12 11.3137 8 8.94427 4 8 0 16.4924 4 104.077 108.074 112.071 116.069 71.218 64.4981 74.4043 68 77.666 71.5542 80.9938 75.1532 68.8186 78.8923 66.5733 76.9415 25.6125 31.241 28.8444 33.9411 28.2843 31.241 80.399 80.399 84.3801 84.3801 88.3629 88.3629 92.3472 92.3472 96.3328 96.3328 80.0999 96.0833 80 96 80.0999 96.0833 123.483 73.5391 75.1532 76.9415 78.8923 80.9938 36.8782 31.241 34.4093 28.2843 32.249 25.6125 33.9411 
25.6125 23.3238 28.8444 26.8328 32.249 30.4631 175.727 4 4 5.65685 5.65685 8.94427 8.94427 12.6491 12.6491 16.4924 16.4924 0 16 120.266 124.258 128.25 132.242 82.365 77.2528 85.8836 80.9938 89.4427 84.7585 93.0376 88.5438 80.4984 91.3893 78.7909 89.8888 41.1825 45.607 44.7214 48.8262 43.2666 46.6476 96.0833 96.7471 100.08 100.717 104.077 104.69 108.074 108.665 112.071 112.641 96 112 96.0833 112.071 96.3328 112.285 121.458 77.666 80 82.4621 85.0412 87.7268 25.2982 17.8885 24.3311 16.4924 24 16 21.5407 
16.4924 12.6491 17.8885 14.4222 20 16.9706 164.049 16.4924 16.4924 12.6491 12.6491 8.94427 8.94427 5.65685 5.65685 4 4 16 0 104.307 108.296 112.285 116.276 68.8186 62.6099 72.111 66.2118 75.4718 69.857 78.8923 73.5391 66.5733 76.9415 64.4981 75.1532 28.2843 34.4093 31.241 36.8782 31.241 33.9411 80.0999 80.895 84.0952 84.8528 88.0909 88.8144 92.0869 92.7793 96.0833 96.7471 80 96 80.0999 96.0833 80.399 96.3328 127.122 69.857 71.5542 73.4302 75.4718 77.666 33.9411 28.8444 31.241 25.6125 28.8444 22.6274 31.241 
102.84 101.98 98.9545 98.0612 95.0789 94.1488 108.665 120.599 120.067 116.619 116.069 112.641 112.071 108.665 108.074 104.69 104.077 120.266 104.307 0 4 8 12 67.8823 60 65.1153 56.8507 62.482 53.8145 60 50.9117 65.1153 56.8507 62.482 53.8145 84.8528 86.3481 80.895 82.4621 85.5102 81.5843 26.8328 24.3311 23.3238 20.3961 20 16.4924 16.9706 12.6491 14.4222 8.94427 25.2982 11.3137 24.3311 8.94427 24 8 189.737 104.69 101.823 99.0353 96.3328 93.723 131.939 130.231 128.062 126.301 124.193 122.376 131.027 
106.733 105.906 102.84 101.98 98.9545 98.0612 108.296 124.579 124.064 120.599 120.067 116.619 116.069 112.641 112.071 108.665 108.074 124.258 108.296 4 0 4 8 70.7672 63.2456 67.8823 60 65.1153 56.8507 62.482 53.8145 68.1175 59.4643 65.6049 56.5685 88.8144 90.2441 84.8528 86.3481 89.4427 85.5102 30.4631 28.2843 26.8328 24.3311 23.3238 20.3961 20 16.4924 16.9706 12.6491 29.1204 14.4222 28.2843 12.6491 28 12 193.039 107.629 104.69 101.823 99.0353 96.3328 135.823 134.164 131.939 130.231 128.062 126.301 134.937 
110.635 109.836 106.733 105.906 102.84 101.98 108.074 128.561 128.062 124.579 124.064 120.599 120.067 116.619 116.069 112.641 112.071 128.25 112.285 8 4 0 4 73.7564 66.5733 70.7672 63.2456 67.8823 60 65.1153 56.8507 71.218 62.2254 68.8186 59.4643 92.7793 94.1488 88.8144 90.2441 93.3809 89.4427 34.176 32.249 30.4631 28.2843 26.8328 24.3311 23.3238 20.3961 20 16.4924 32.9848 17.8885 32.249 16.4924 32 16 196.367 110.635 107.629 104.69 101.823 99.0353 139.714 138.101 135.823 134.164 131.939 130.231 138.852 
114.543 113.772 110.635 109.836 106.733 105.906 108 132.544 132.061 128.561 128.062 124.579 124.064 120.599 120.067 116.619 116.069 132.242 116.276 12 8 4 0 76.8375 69.9714 73.7564 66.5733 70.7672 63.2456 67.8823 60 74.4043 65.1153 72.111 62.482 96.7471 98.0612 92.7793 94.1488 97.3242 93.3809 37.9473 36.2215 34.176 32.249 30.4631 28.2843 26.8328 24.3311 23.3238 20.3961 36.8782 21.5407 36.2215 20.3961 36 20 199.72 113.701 110.635 107.629 104.69 101.823 143.611 142.042 139.714 138.101 135.823 134.164 142.773 
57.2713 59.0593 53.6656 55.5698 50.1199 52.1536 167.141 80.4984 84.3801 76.9415 80.9938 73.4302 77.666 69.9714 74.4043 66.5733 71.218 82.365 68.8186 67.8823 70.7672 73.7564 76.8375 0 12 4 12.6491 8 14.4222 12 16.9706 4 12.6491 8 14.4222 69.9714 76.9415 68 75.1532 73.4302 71.5542 43.2666 57.2713 45.607 59.0593 48.1664 61.0574 50.9117 63.2456 53.8145 65.6049 46.6476 56.5685 50.1199 59.4643 53.6656 62.482 189.737 36.8782 33.9411 31.241 28.8444 26.8328 81.5843 83.5225 77.666 79.6994 73.7564 75.8947 82.4621 
53.3667 54.4059 49.4773 50.5964 45.607 46.8188 156 75.8947 78.7909 72.111 75.1532 68.352 71.5542 64.622 68 60.9262 64.4981 77.2528 62.6099 60 63.2456 66.5733 69.9714 12 0 12.6491 4 14.4222 8 16.9706 12 8 14.4222 4 12.6491 60 66.5733 57.6888 64.4981 63.2456 61.0574 33.9411 46.6476 36.8782 48.8262 40 51.225 43.2666 53.8145 46.6476 56.5685 36.8782 48.8262 40 51.225 43.2666 53.8145 180 45.607 43.2666 41.1825 39.3954 37.9473 80.0999 80.895 76.1052 76.9415 72.111 72.9932 80.399 
60.9262 62.6099 57.2713 59.0593 53.6656 55.5698 165.747 84.0952 87.818 80.4984 84.3801 76.9415 80.9938 73.4302 77.666 69.9714 74.4043 85.8836 72.111 65.1153 67.8823 70.7672 73.7564 4 12.6491 0 12 4 12.6491 8 14.4222 5.65685 8.94427 8.94427 11.3137 72.111 78.8923 69.9714 76.9415 75.4718 73.4302 41.1825 55.7136 43.2666 57.2713 45.607 59.0593 48.1664 61.0574 50.9117 63.2456 44.7214 53.8145 48.3322 56.8507 52 60 192.042 40 36.8782 33.9411 31.241 28.8444 85.5102 87.3613 81.5843 83.5225 77.666 79.6994 86.3481 
57.2713 58.2409 53.3667 54.4059 49.4773 50.5964 154.506 79.6994 82.4621 75.8947 78.7909 72.111 75.1532 68.352 71.5542 64.622 68 80.9938 66.2118 56.8507 60 63.2456 66.5733 12.6491 4 12 0 12.6491 4 14.4222 8 8.94427 11.3137 5.65685 8.94427 62.482 68.8186 60 66.5733 65.6049 63.2456 31.241 44.7214 33.9411 46.6476 36.8782 48.8262 40 51.225 43.2666 53.8145 34.4093 45.607 37.7359 48.1664 41.1825 50.9117 182.428 48.1664 45.607 43.2666 41.1825 39.3954 84.0952 84.8528 80.0999 80.895 76.1052 76.9415 84.3801 
64.622 66.2118 60.9262 62.6099 57.2713 59.0593 164.438 87.7268 91.3017 84.0952 87.818 80.4984 84.3801 76.9415 80.9938 73.4302 77.666 89.4427 75.4718 62.482 65.1153 67.8823 70.7672 8 14.4222 4 12.6491 0 12 4 12.6491 8.94427 5.65685 11.3137 8.94427 74.4043 80.9938 72.111 78.8923 77.666 75.4718 39.3954 54.4059 41.1825 55.7136 43.2666 57.2713 45.607 59.0593 48.1664 61.0574 43.0813 51.225 46.8188 54.4059 50.5964 57.6888 194.402 43.2666 40 36.8782 33.9411 31.241 89.4427 91.214 85.5102 87.3613 81.5843 83.5225 90.2441 
61.1882 62.0967 57.2713 58.2409 53.3667 54.4059 153.101 83.5225 86.1626 79.6994 82.4621 75.8947 78.7909 72.111 75.1532 68.352 71.5542 84.7585 69.857 53.8145 56.8507 60 63.2456 14.4222 8 12.6491 4 12 0 12.6491 4 11.3137 8.94427 8.94427 5.65685 65.1153 71.218 62.482 68.8186 68.1175 65.6049 28.8444 43.0813 31.241 44.7214 33.9411 46.6476 36.8782 48.8262 40 51.225 32.249 42.5206 35.7771 45.2548 39.3954 48.1664 184.911 50.9117 48.1664 45.607 43.2666 41.1825 88.0909 88.8144 84.0952 84.8528 80.0999 80.895 88.3629 
68.352 69.857 64.622 66.2118 60.9262 62.6099 163.218 91.3893 94.8262 87.7268 91.3017 84.0952 87.818 80.4984 84.3801 76.9415 80.9938 93.0376 78.8923 60 62.482 65.1153 67.8823 12 16.9706 8 14.4222 4 12.6491 0 12 12.6491 4 14.4222 8 76.8375 83.2346 74.4043 80.9938 80 77.666 37.9473 53.3667 39.3954 54.4059 41.1825 55.7136 43.2666 57.2713 45.607 59.0593 41.7612 48.8262 45.607 52.1536 49.4773 55.5698 196.815 46.6476 43.2666 40 36.8782 33.9411 93.3809 95.0789 89.4427 91.214 85.5102 87.3613 94.1488 
65.1153 65.9697 61.1882 62.0967 57.2713 58.2409 151.789 87.3613 89.8888 83.5225 86.1626 79.6994 82.4621 75.8947 78.7909 72.111 75.1532 88.5438 73.5391 50.9117 53.8145 56.8507 60 16.9706 12 14.4222 8 12.6491 4 12 0 14.4222 8 12.6491 4 67.8823 73.7564 65.1153 71.218 70.7672 68.1175 26.8328 41.7612 28.8444 43.0813 31.241 44.7214 33.9411 46.6476 36.8782 48.8262 30.4631 39.598 34.176 42.5206 37.9473 45.607 187.446 53.8145 50.9117 48.1664 45.607 43.2666 92.0869 92.7793 88.0909 88.8144 84.0952 84.8528 92.3472 
55.7136 57.2713 52 53.6656 48.3322 50.1199 163.414 78.7909 82.365 75.1532 78.8923 71.5542 75.4718 68 72.111 64.4981 68.8186 80.4984 66.5733 65.1153 68.1175 71.218 74.4043 4 8 5.65685 8.94427 8.94427 11.3137 12.6491 14.4222 0 12 4 12.6491 66.5733 73.4302 64.4981 71.5542 69.9714 68 40 53.6656 42.5206 55.5698 45.2548 57.6888 48.1664 60 51.225 62.482 43.2666 53.8145 46.6476 56.5685 50.1199 59.4643 186.462 39.598 36.8782 34.4093 32.249 30.4631 80.895 82.4621 76.9415 78.5875 72.9932 74.7262 81.5843 
67.0522 68.352 63.2456 64.622 59.4643 60.9262 159.399 89.8888 93.0376 86.1626 89.4427 82.4621 85.8836 78.7909 82.365 75.1532 78.8923 91.3893 76.9415 56.8507 59.4643 62.2254 65.1153 12.6491 14.4222 8.94427 11.3137 5.65685 8.94427 4 8 12 0 12.6491 4 73.7564 80 71.218 77.666 76.8375 74.4043 34.176 49.4773 35.7771 50.5964 37.7359 52 40 53.6656 42.5206 55.5698 37.9473 45.607 41.7612 48.8262 45.607 52.1536 193.659 48.8262 45.607 42.5206 39.598 36.8782 92.7793 94.1488 88.8144 90.2441 84.8528 86.3481 93.3809 
54.4059 55.7136 50.5964 52 46.8188 48.3322 159.7 77.2528 80.4984 73.5391 76.9415 69.857 73.4302 66.2118 69.9714 62.6099 66.5733 78.7909 64.4981 62.482 65.6049 68.8186 72.111 8 4 8.94427 5.65685 11.3137 8.94427 14.4222 12.6491 4 12.6491 0 12 63.2456 69.9714 61.0574 68 66.5733 64.4981 36.8782 50.1199 39.598 52.1536 42.5206 54.4059 45.607 56.8507 48.8262 59.4643 40 51.225 43.2666 53.8145 46.6476 56.5685 183.216 42.5206 40 37.7359 35.7771 34.176 80.399 81.5843 76.4199 77.666 72.4431 73.7564 80.895 
65.9697 67.0522 62.0967 63.2456 58.2409 59.4643 155.589 88.5438 91.3893 84.7585 87.7268 80.9938 84.0952 77.2528 80.4984 73.5391 76.9415 89.8888 75.1532 53.8145 56.5685 59.4643 62.482 14.4222 12.6491 11.3137 8.94427 8.94427 5.65685 8 4 12.6491 4 12 0 70.7672 76.8375 68.1175 74.4043 73.7564 71.218 30.4631 45.607 32.249 46.8188 34.4093 48.3322 36.8782 50.1199 39.598 52.1536 34.176 42.5206 37.9473 45.607 41.7612 48.8262 190.536 51.225 48.1664 45.2548 42.5206 40 92.3472 93.3809 88.3629 89.4427 84.3801 85.5102 92.7793 
39.3954 35.7771 37.9473 34.176 36.8782 32.9848 135.765 43.2666 39.3954 40 35.7771 36.8782 32.249 33.9411 28.8444 31.241 25.6125 41.1825 28.2843 84.8528 88.8144 92.7793 96.7471 69.9714 60 72.111 62.482 74.4043 65.1153 76.8375 67.8823 66.5733 73.7564 63.2456 70.7672 0 8 4 8.94427 4 5.65685 64.622 60.531 68.352 64.4981 72.111 68.469 75.8947 72.4431 79.6994 76.4199 63.2456 78.5875 62.0967 77.666 61.1882 76.9415 120 84.3801 84.8528 85.5102 86.3481 87.3613 62.2254 56.8507 59.4643 53.8145 56.8507 50.9117 59.4643 
46.8188 43.0813 45.607 41.7612 44.7214 40.7922 130.231 48.1664 43.2666 45.2548 40 42.5206 36.8782 40 33.9411 37.7359 31.241 45.607 34.4093 86.3481 90.2441 94.1488 98.0612 76.9415 66.5733 78.8923 68.8186 80.9938 71.218 83.2346 73.7564 73.4302 80 69.9714 76.8375 8 0 8.94427 4 4 5.65685 68 62.0967 71.5542 65.9697 75.1532 69.857 78.7909 73.7564 82.4621 77.666 66.2118 80.9938 64.622 79.6994 63.2456 78.5875 113.701 92.3472 92.7793 93.3809 94.1488 95.0789 68.1175 62.2254 65.6049 59.4643 63.2456 56.8507 65.1153 
41.1825 37.7359 39.3954 35.7771 37.9473 34.176 132.966 46.6476 43.0813 43.2666 39.3954 40 35.7771 36.8782 32.249 33.9411 28.8444 44.7214 31.241 80.895 84.8528 88.8144 92.7793 68 57.6888 69.9714 60 72.111 62.482 74.4043 65.1153 64.4981 71.218 61.0574 68.1175 4 8.94427 0 8 5.65685 4 60.9262 56.5685 64.622 60.531 68.352 64.4981 72.111 68.469 75.8947 72.4431 59.4643 74.7262 58.2409 73.7564 57.2713 72.9932 122.442 84.0952 84.3801 84.8528 85.5102 86.3481 65.1153 60 62.2254 56.8507 59.4643 53.8145 62.482 
48.3322 44.7214 46.8188 43.0813 45.607 41.7612 127.311 51.225 46.6476 48.1664 43.2666 45.2548 40 42.5206 36.8782 40 33.9411 48.8262 36.8782 82.4621 86.3481 90.2441 94.1488 75.1532 64.4981 76.9415 66.5733 78.8923 68.8186 80.9938 71.218 71.5542 77.666 68 74.4043 8.94427 4 8 0 5.65685 4 64.4981 58.2409 68 62.0967 71.5542 65.9697 75.1532 69.857 78.7909 73.7564 62.6099 77.2528 60.9262 75.8947 59.4643 74.7262 116.276 92.0869 92.3472 92.7793 93.3809 94.1488 70.7672 65.1153 68.1175 62.2254 65.6049 59.4643 67.8823 
43.0813 39.3954 41.7612 37.9473 40.7922 36.8782 132.966 45.607 41.1825 42.5206 37.7359 39.598 34.4093 36.8782 31.241 34.4093 28.2843 43.2666 31.241 85.5102 89.4427 93.3809 97.3242 73.4302 63.2456 75.4718 65.6049 77.666 68.1175 80 70.7672 69.9714 76.8375 66.5733 73.7564 4 4 5.65685 5.65685 0 4 66.2118 61.1882 69.857 65.1153 73.5391 69.0507 77.2528 72.9932 80.9938 76.9415 64.622 79.6994 63.2456 78.5875 62.0967 77.666 116.825 88.3629 88.8144 89.4427 90.2441 91.214 65.1153 59.4643 62.482 56.5685 60 53.8145 62.2254 
44.7214 41.1825 43.0813 39.3954 41.7612 37.9473 130.108 48.8262 44.7214 45.607 41.1825 42.5206 37.7359 39.598 34.4093 36.8782 31.241 46.6476 33.9411 81.5843 85.5102 89.4427 93.3809 71.5542 61.0574 73.4302 63.2456 75.4718 65.6049 77.666 68.1175 68 74.4043 64.4981 71.218 5.65685 5.65685 4 4 4 0 62.6099 57.2713 66.2118 61.1882 69.857 65.1153 73.5391 69.0507 77.2528 72.9932 60.9262 75.8947 59.4643 74.7262 58.2409 73.7564 119.331 88.0909 88.3629 88.8144 89.4427 90.2441 67.8823 62.482 65.1153 59.4643 62.482 56.5685 65.1153 
76.9415 76.4199 72.9932 72.4431 69.0507 68.469 125.284 96 96.3328 92 92.3472 88 88.3629 84 84.3801 80 80.399 96.0833 80.0999 26.8328 30.4631 34.176 37.9473 43.2666 33.9411 41.1825 31.241 39.3954 28.8444 37.9473 26.8328 40 34.176 36.8782 30.4631 64.622 68 60.9262 64.4981 66.2118 62.6099 0 16 4 16.4924 8 17.8885 12 20 16 22.6274 4 16.4924 8 17.8885 12 20 178.393 79.3977 76.8375 74.4043 72.111 69.9714 105.906 104.69 101.98 100.717 98.0612 96.7471 105.224 
80.9938 79.6994 77.2528 75.8947 73.5391 72.111 110.055 97.3242 96.3328 93.3809 92.3472 89.4427 88.3629 85.5102 84.3801 81.5843 80.399 96.7471 80.895 24.3311 28.2843 32.249 36.2215 57.2713 46.6476 55.7136 44.7214 54.4059 43.0813 53.3667 41.7612 53.6656 49.4773 50.1199 45.607 60.531 62.0967 56.5685 58.2409 61.1882 57.2713 16 0 16.4924 4 17.8885 8 20 12 22.6274 16 12 20 8 17.8885 4 16.4924 168.048 92.0869 89.8888 87.818 85.8836 84.0952 110.055 107.703 106.283 103.846 102.528 100 108.812 
80.895 80.399 76.9415 76.4199 72.9932 72.4431 124.193 100 100.319 96 96.3328 92 92.3472 88 88.3629 84 84.3801 100.08 84.0952 23.3238 26.8328 30.4631 34.176 45.607 36.8782 43.2666 33.9411 41.1825 31.241 39.3954 28.8444 42.5206 35.7771 39.598 32.249 68.352 71.5542 64.622 68 69.857 66.2118 4 16.4924 0 16 4 16.4924 8 17.8885 12 20 5.65685 12.6491 8.94427 14.4222 12.6491 16.9706 181.373 82.0731 79.3977 76.8375 74.4043 72.111 109.836 108.665 105.906 104.69 101.98 100.717 109.179 
84.7585 83.5225 80.9938 79.6994 77.2528 75.8947 108.812 101.272 100.319 97.3242 96.3328 93.3809 92.3472 89.4427 88.3629 85.5102 84.3801 100.717 84.8528 20.3961 24.3311 28.2843 32.249 59.0593 48.8262 57.2713 46.6476 55.7136 44.7214 54.4059 43.0813 55.5698 50.5964 52.1536 46.8188 64.4981 65.9697 60.531 62.0967 65.1153 61.1882 16.4924 4 16 0 16.4924 4 17.8885 8 20 12 12.6491 16.9706 8.94427 14.4222 5.65685 12.6491 171.207 94.4034 92.0869 89.8888 87.818 85.8836 113.842 111.571 110.055 107.703 106.283 103.846 112.641 
84.8528 84.3801 80.895 80.399 76.9415 76.4199 123.223 104 104.307 100 100.319 96 96.3328 92 92.3472 88 88.3629 104.077 88.0909 20 23.3238 26.8328 30.4631 48.1664 40 45.607 36.8782 43.2666 33.9411 41.1825 31.241 45.2548 37.7359 42.5206 34.4093 72.111 75.1532 68.352 71.5542 73.5391 69.857 8 17.8885 4 16.4924 0 16 4 16.4924 8 17.8885 8.94427 8.94427 11.3137 11.3137 14.4222 14.4222 184.391 84.8528 82.0731 79.3977 76.8375 74.4043 113.772 112.641 109.836 108.665 105.906 104.69 113.137 
88.5438 87.3613 84.7585 83.5225 80.9938 79.6994 107.703 105.224 104.307 101.272 100.319 97.3242 96.3328 93.3809 92.3472 89.4427 88.3629 104.69 88.8144 16.4924 20.3961 24.3311 28.2843 61.0574 51.225 59.0593 48.8262 57.2713 46.6476 55.7136 44.7214 57.6888 52 54.4059 48.3322 68.469 69.857 64.4981 65.9697 69.0507 65.1153 17.8885 8 16.4924 4 16 0 16.4924 4 17.8885 8 14.4222 14.4222 11.3137 11.3137 8.94427 8.94427 174.402 96.8297 94.4034 92.0869 89.8888 87.818 117.644 115.447 113.842 111.571 110.055 107.703 116.482 
88.8144 88.3629 84.8528 84.3801 80.895 80.399 122.376 108 108.296 104 104.307 100 100.319 96 96.3328 92 92.3472 108.074 92.0869 16.9706 20 23.3238 26.8328 50.9117 43.2666 48.1664 40 45.607 36.8782 43.2666 33.9411 48.1664 40 45.607 36.8782 75.8947 78.7909 72.111 75.1532 77.2528 73.5391 12 20 8 17.8885 4 16.4924 0 16 4 16.4924 12.6491 5.65685 14.4222 8.94427 16.9706 12.6491 187.446 87.7268 84.8528 82.0731 79.3977 76.8375 117.712 116.619 113.772 112.641 109.836 108.665 117.098 
92.3472 91.214 88.5438 87.3613 84.7585 83.5225 106.733 109.179 108.296 105.224 104.307 101.272 100.319 97.3242 96.3328 93.3809 92.3472 108.665 92.7793 12.6491 16.4924 20.3961 24.3311 63.2456 53.8145 61.0574 51.225 59.0593 48.8262 57.2713 46.6476 60 53.6656 56.8507 50.1199 72.4431 73.7564 68.469 69.857 72.9932 69.0507 20 12 17.8885 8 16.4924 4 16 0 16.4924 4 16.9706 12.6491 14.4222 8.94427 12.6491 5.65685 177.629 99.3579 96.8297 94.4034 92.0869 89.8888 121.458 119.331 117.644 115.447 113.842 111.571 120.333 
92.7793 92.3472 88.8144 88.3629 84.8528 84.3801 121.655 112 112.285 108 108.296 104 104.307 100 100.319 96 96.3328 112.071 96.0833 14.4222 16.9706 20 23.3238 53.8145 46.6476 50.9117 43.2666 48.1664 40 45.607 36.8782 51.225 42.5206 48.8262 39.598 79.6994 82.4621 75.8947 78.7909 80.9938 77.2528 16 22.6274 12 20 8 17.8885 4 16.4924 0 16 16.4924 4 17.8885 8 20 12 190.536 90.6863 87.7268 84.8528 82.0731 79.3977 121.655 120.599 117.712 116.619 113.772 112.641 121.062 
96.1665 95.0789 92.3472 91.214 88.5438 87.3613 105.906 113.137 112.285 109.179 108.296 105.224 104.307 101.272 100.319 97.3242 96.3328 112.641 96.7471 8.94427 12.6491 16.4924 20.3961 65.6049 56.5685 63.2456 53.8145 61.0574 51.225 59.0593 48.8262 62.482 55.5698 59.4643 52.1536 76.4199 77.666 72.4431 73.7564 76.9415 72.9932 22.6274 16 20 12 17.8885 8 16.4924 4 16 0 20 12 17.8885 8 16.4924 4 180.887 101.98 99.3579 96.8297 94.4034 92.0869 125.284 123.223 121.458 119.331 117.644 115.447 124.193 
77.666 76.9415 73.7564 72.9932 69.857 69.0507 121.458 96.0833 96.0833 92.0869 92.0869 88.0909 88.0909 84.0952 84.0952 80.0999 80.0999 96 80 25.2982 29.1204 32.9848 36.8782 46.6476 36.8782 44.7214 34.4093 43.0813 32.249 41.7612 30.4631 43.2666 37.9473 40 34.176 63.2456 66.2118 59.4643 62.6099 64.622 60.9262 4 12 5.65685 12.6491 8.94427 14.4222 12.6491 16.9706 16.4924 20 0 16 4 16.4924 8 17.8885 175.727 82.4621 80 77.666 75.4718 73.4302 106.733 105.224 102.84 101.272 98.9545 97.3242 105.906 
93.3809 92.7793 89.4427 88.8144 85.5102 84.8528 117.712 112.071 112.071 108.074 108.074 104.077 104.077 100.08 100.08 96.0833 96.0833 112 96 11.3137 14.4222 17.8885 21.5407 56.5685 48.8262 53.8145 45.607 51.225 42.5206 48.8262 39.598 53.8145 45.607 51.225 42.5206 78.5875 80.9938 74.7262 77.2528 79.6994 75.8947 16.4924 20 12.6491 16.9706 8.94427 14.4222 5.65685 12.6491 4 12 16 0 16.4924 4 17.8885 8 188.043 93.3809 90.5097 87.7268 85.0412 82.4621 122.376 121.062 118.457 117.098 114.543 113.137 121.655 
78.5875 77.666 74.7262 73.7564 70.8802 69.857 117.644 96.3328 96 92.3472 92 88.3629 88 84.3801 84 80.399 80 96.0833 80.0999 24.3311 28.2843 32.249 36.2215 50.1199 40 48.3322 37.7359 46.8188 35.7771 45.607 34.176 46.6476 41.7612 43.2666 37.9473 62.0967 64.622 58.2409 60.9262 63.2456 59.4643 8 8 8.94427 8.94427 11.3137 11.3137 14.4222 14.4222 17.8885 17.8885 4 16.4924 0 16 4 16.4924 173.113 85.6037 83.2346 80.9938 78.8923 76.9415 107.703 105.906 103.846 101.98 100 98.0612 106.733 
94.1488 93.3809 90.2441 89.4427 86.3481 85.5102 113.772 112.285 112 108.296 108 104.307 104 100.319 100 96.3328 96 112.071 96.0833 8.94427 12.6491 16.4924 20.3961 59.4643 51.225 56.8507 48.1664 54.4059 45.2548 52.1536 42.5206 56.5685 48.8262 53.8145 45.607 77.666 79.6994 73.7564 75.8947 78.5875 74.7262 17.8885 17.8885 14.4222 14.4222 11.3137 11.3137 8.94427 8.94427 8 8 16.4924 4 16 0 16.4924 4 185.602 96.1665 93.3809 90.6863 88.0909 85.6037 123.223 121.655 119.331 117.712 115.447 113.772 122.376 
79.6994 78.5875 75.8947 74.7262 72.111 70.8802 113.842 96.7471 96.0833 92.7793 92.0869 88.8144 88.0909 84.8528 84.0952 80.895 80.0999 96.3328 80.399 24 28 32 36 53.6656 43.2666 52 41.1825 50.5964 39.3954 49.4773 37.9473 50.1199 45.607 46.6476 41.7612 61.1882 63.2456 57.2713 59.4643 62.0967 58.2409 12 4 12.6491 5.65685 14.4222 8.94427 16.9706 12.6491 20 16.4924 8 17.8885 4 16.4924 0 16 170.552 88.8144 86.5332 84.3801 82.365 80.4984 108.812 106.733 104.995 102.84 101.193 98.9545 107.703 
95.0789 94.1488 91.214 90.2441 87.3613 86.3481 109.836 112.641 112.071 108.665 108.074 104.69 104.077 100.717 100.08 96.7471 96.0833 112.285 96.3328 8 12 16 20 62.482 53.8145 60 50.9117 57.6888 48.1664 55.5698 45.607 59.4643 52.1536 56.5685 48.8262 76.9415 78.5875 72.9932 74.7262 77.666 73.7564 20 16.4924 16.9706 12.6491 14.4222 8.94427 12.6491 5.65685 12 4 17.8885 8 16.4924 4 16 0 183.216 99.0353 96.3328 93.723 91.214 88.8144 124.193 122.376 120.333 118.457 116.482 114.543 123.223 
143.388 139.714 144.997 141.365 146.697 143.108 168 125.284 117.644 126.491 118.929 127.812 120.333 129.244 121.852 130.782 123.483 121.458 127.122 189.737 193.039 196.367 199.72 189.737 180 192.042 182.428 194.402 184.911 196.815 187.446 186.462 193.659 183.216 190.536 120 113.701 122.442 116.276 116.825 119.331 178.393 168.048 181.373 171.207 184.391 174.402 187.446 177.629 190.536 180.887 175.727 188.043 173.113 185.602 170.552 183.216 0 196.977 198.635 200.36 202.148 204 142.773 134.937 143.611 135.823 144.554 136.821 138.852 
53.6656 57.2713 52 55.7136 50.5964 54.4059 200.36 74.4043 80.9938 72.111 78.8923 69.9714 76.9415 68 75.1532 66.2118 73.5391 77.666 69.857 104.69 107.629 110.635 113.701 36.8782 45.607 40 48.1664 43.2666 50.9117 46.6476 53.8145 39.598 48.8262 42.5206 51.225 84.3801 92.3472 84.0952 92.0869 88.3629 88.0909 79.3977 92.0869 82.0731 94.4034 84.8528 96.8297 87.7268 99.3579 90.6863 101.98 82.4621 93.3809 85.6037 96.1665 88.8144 99.0353 196.977 0 4 8 12 16 65.6049 70.7672 62.482 67.8823 59.4643 65.1153 68.1175 
55.5698 59.0593 53.6656 57.2713 52 55.7136 198.635 76.8375 83.2346 74.4043 80.9938 72.111 78.8923 69.9714 76.9415 68 75.1532 80 71.5542 101.823 104.69 107.629 110.635 33.9411 43.2666 36.8782 45.607 40 48.1664 43.2666 50.9117 36.8782 45.607 40 48.1664 84.8528 92.7793 84.3801 92.3472 88.8144 88.3629 76.8375 89.8888 79.3977 92.0869 82.0731 94.4034 84.8528 96.8297 87.7268 99.3579 80 90.5097 83.2346 93.3809 86.5332 96.3328 198.635 4 0 4 8 12 68.8186 73.7564 65.6049 70.7672 62.482 67.8823 71.218 
57.6888 61.0574 55.5698 59.0593 53.6656 57.2713 196.977 79.3977 85.6037 76.8375 83.2346 74.4043 80.9938 72.111 78.8923 69.9714 76.9415 82.4621 73.4302 99.0353 101.823 104.69 107.629 31.241 41.1825 33.9411 43.2666 36.8782 45.607 40 48.1664 34.4093 42.5206 37.7359 45.2548 85.5102 93.3809 84.8528 92.7793 89.4427 88.8144 74.4043 87.818 76.8375 89.8888 79.3977 92.0869 82.0731 94.4034 84.8528 96.8297 77.666 87.7268 80.9938 90.6863 84.3801 93.723 200.36 8 4 0 4 8 72.111 76.8375 68.8186 73.7564 65.6049 70.7672 74.4043 
60 63.2456 57.6888 61.0574 55.5698 59.0593 195.387 82.0731 88.0909 79.3977 85.6037 76.8375 83.2346 74.4043 80.9938 72.111 78.8923 85.0412 75.4718 96.3328 99.0353 101.823 104.69 28.8444 39.3954 31.241 41.1825 33.9411 43.2666 36.8782 45.607 32.249 39.598 35.7771 42.5206 86.3481 94.1488 85.5102 93.3809 90.2441 89.4427 72.111 85.8836 74.4043 87.818 76.8375 89.8888 79.3977 92.0869 82.0731 94.4034 75.4718 85.0412 78.8923 88.0909 82.365 91.214 202.148 12 8 4 0 4 75.4718 80 72.111 76.8375 68.8186 73.7564 77.666 
62.482 65.6049 60 63.2456 57.6888 61.0574 193.866 84.8528 90.6863 82.0731 88.0909 79.3977 85.6037 76.8375 83.2346 74.4043 80.9938 87.7268 77.666 93.723 96.3328 99.0353 101.823 26.8328 37.9473 28.8444 39.3954 31.241 41.1825 33.9411 43.2666 30.4631 36.8782 34.176 40 87.3613 95.0789 86.3481 94.1488 91.214 90.2441 69.9714 84.0952 72.111 85.8836 74.4043 87.818 76.8375 89.8888 79.3977 92.0869 73.4302 82.4621 76.9415 85.6037 80.4984 88.8144 204 16 12 8 4 0 78.8923 83.2346 75.4718 80 72.111 76.8375 80.9938 
29.1204 30.4631 32.9848 34.176 36.8782 37.9473 197.99 21.5407 29.1204 23.3238 30.4631 25.6125 32.249 28.2843 34.4093 31.241 36.8782 25.2982 33.9411 131.939 135.823 139.714 143.611 81.5843 80.0999 85.5102 84.0952 89.4427 88.0909 93.3809 92.0869 80.895 92.7793 80.399 92.3472 62.2254 68.1175 65.1153 70.7672 65.1153 67.8823 105.906 110.055 109.836 113.842 113.772 117.644 117.712 121.458 121.655 125.284 106.733 122.376 107.703 123.223 108.812 124.193 142.773 65.6049 68.8186 72.111 75.4718 78.8923 0 8 4 8.94427 8 11.3137 4 
28 28.2843 32 32.249 36 36.2215 192.416 14.4222 21.5407 16.9706 23.3238 20 25.6125 23.3238 28.2843 26.8328 31.241 17.8885 28.8444 130.231 134.164 138.101 142.042 83.5225 80.895 87.3613 84.8528 91.214 88.8144 95.0789 92.7793 82.4621 94.1488 81.5843 93.3809 56.8507 62.2254 60 65.1153 59.4643 62.482 104.69 107.703 108.665 111.571 112.641 115.447 116.619 119.331 120.599 123.223 105.224 121.062 105.906 121.655 106.733 122.376 134.937 70.7672 73.7564 76.8375 80 83.2346 8 0 8.94427 4 11.3137 8 4 
25.2982 26.8328 29.1204 30.4631 32.9848 34.176 195.182 20.3961 28.2843 21.5407 29.1204 23.3238 30.4631 25.6125 32.249 28.2843 34.4093 24.3311 31.241 128.062 131.939 135.823 139.714 77.666 76.1052 81.5843 80.0999 85.5102 84.0952 89.4427 88.0909 76.9415 88.8144 76.4199 88.3629 59.4643 65.6049 62.2254 68.1175 62.482 65.1153 101.98 106.283 105.906 110.055 109.836 113.842 113.772 117.644 117.712 121.458 102.84 118.457 103.846 119.331 104.995 120.333 143.611 62.482 65.6049 68.8186 72.111 75.4718 4 8.94427 0 8 4 8.94427 5.65685 
24 24.3311 28 28.2843 32 32.249 189.526 12.6491 20.3961 14.4222 21.5407 16.9706 23.3238 20 25.6125 23.3238 28.2843 16.4924 25.6125 126.301 130.231 134.164 138.101 79.6994 76.9415 83.5225 80.895 87.3613 84.8528 91.214 88.8144 78.5875 90.2441 77.666 89.4427 53.8145 59.4643 56.8507 62.2254 56.5685 59.4643 100.717 103.846 104.69 107.703 108.665 111.571 112.641 115.447 116.619 119.331 101.272 117.098 101.98 117.712 102.84 118.457 135.823 67.8823 70.7672 73.7564 76.8375 80 8.94427 4 8 0 8.94427 4 5.65685 
21.5407 23.3238 25.2982 26.8328 29.1204 30.4631 192.416 20 28 20.3961 28.2843 21.5407 29.1204 23.3238 30.4631 25.6125 32.249 24 28.8444 124.193 128.062 131.939 135.823 73.7564 72.111 77.666 76.1052 81.5843 80.0999 85.5102 84.0952 72.9932 84.8528 72.4431 84.3801 56.8507 63.2456 59.4643 65.6049 60 62.482 98.0612 102.528 101.98 106.283 105.906 110.055 109.836 113.842 113.772 117.644 98.9545 114.543 100 115.447 101.193 116.482 144.554 59.4643 62.482 65.6049 68.8186 72.111 8 11.3137 4 8.94427 0 8 8.94427 
20 20.3961 24 24.3311 28 28.2843 186.676 12 20 12.6491 20.3961 14.4222 21.5407 16.9706 23.3238 20 25.6125 16 22.6274 122.376 126.301 130.231 134.164 75.8947 72.9932 79.6994 76.9415 83.5225 80.895 87.3613 84.8528 74.7262 86.3481 73.7564 85.5102 50.9117 56.8507 53.8145 59.4643 53.8145 56.5685 96.7471 100 100.717 103.846 104.69 107.703 108.665 111.571 112.641 115.447 97.3242 113.137 98.0612 113.772 98.9545 114.543 136.821 65.1153 67.8823 70.7672 73.7564 76.8375 11.3137 8 8.94427 4 8 0 8.94427 
28.2843 29.1204 32.249 32.9848 36.2215 36.8782 195.182 17.8885 25.2982 20 26.8328 22.6274 28.8444 25.6125 31.241 28.8444 33.9411 21.5407 31.241 131.027 134.937 138.852 142.773 82.4621 80.399 86.3481 84.3801 90.2441 88.3629 94.1488 92.3472 81.5843 93.3809 80.895 92.7793 59.4643 65.1153 62.482 67.8823 62.2254 65.1153 105.224 108.812 109.179 112.641 113.137 116.482 117.098 120.333 121.062 124.193 105.906 121.655 106.733 122.376 107.703 123.223 138.852 68.1175 71.218 74.4043 77.666 80.9938 4 4 5.65685 5.65685 8.94427 8.94427 0 
